[
    {
        "file_path": "/workspace/acezero/spatialai/trained_models/rgb_3f15a2025-02-13_10-03-54/benchmark_output/nerf_data/images_3/_workspace_acezero_spatialai_trained_models_rgb_3f15a2025-02-13_10-03-54_frames_frame_0000.jpg",
        "transform": [
            [
                0.19056007266044617,
                -0.4378601908683777,
                0.8786155581474304,
                0.9987240433692932
            ],
            [
                0.9816747903823853,
                0.08387380838394165,
                -0.17111355066299438,
                0.02072150632739067
            ],
            [
                0.0012310147285461426,
                0.8951221108436584,
                0.44581931829452515,
                -0.03264559432864189
            ]
        ],
        "fl_x": 1423.1754150390625,
        "fl_y": 1423.1754150390625,
        "w": 1920,
        "h": 1440
    },
    {
        "file_path": "/workspace/acezero/spatialai/trained_models/rgb_3f15a2025-02-13_10-03-54/benchmark_output/nerf_data/images_3/_workspace_acezero_spatialai_trained_models_rgb_3f15a2025-02-13_10-03-54_frames_frame_0001.jpg",
        "transform": [
            [
                0.19393706321716309,
                -0.43655380606651306,
                0.8785266876220703,
                0.9993875026702881
            ],
            [
                0.981011152267456,
                0.08414819836616516,
                -0.17474618554115295,
                0.024546140804886818
            ],
            [
                0.0023596584796905518,
                0.8957343697547913,
                0.44458362460136414,
                -0.03161364421248436
            ]
        ],
        "fl_x": 1423.1754150390625,
        "fl_y": 1423.1754150390625,
        "w": 1920,
        "h": 1440
    },
    {
        "file_path": "/workspace/acezero/spatialai/trained_models/rgb_3f15a2025-02-13_10-03-54/benchmark_output/nerf_data/images_3/_workspace_acezero_spatialai_trained_models_rgb_3f15a2025-02-13_10-03-54_frames_frame_0002.jpg",
        "transform": [
            [
                0.19935868680477142,
                -0.4361893832683563,
                0.8774935007095337,
                0.9998574256896973
            ],
            [
                0.9799076914787292,
                0.08317604660987854,
                -0.18128064274787903,
                0.02120116353034973
            ],
            [
                0.006086230278015137,
                0.8960025310516357,
                0.4440072774887085,
                -0.03157363459467888
            ]
        ],
        "fl_x": 1423.1754150390625,
        "fl_y": 1423.1754150390625,
        "w": 1920,
        "h": 1440
    },
    {
        "file_path": "/workspace/acezero/spatialai/trained_models/rgb_3f15a2025-02-13_10-03-54/benchmark_output/nerf_data/images_3/_workspace_acezero_spatialai_trained_models_rgb_3f15a2025-02-13_10-03-54_frames_frame_0003.jpg",
        "transform": [
            [
                0.19601450860500336,
                -0.4352099299430847,
                0.8787323832511902,
                1.0
            ],
            [
                0.9805840849876404,
                0.08173418045043945,
                -0.17825356125831604,
                0.022264499217271805
            ],
            [
                0.005755215883255005,
                0.8966113328933716,
                0.4427810311317444,
                -0.03224213421344757
            ]
        ],
        "fl_x": 1423.1754150390625,
        "fl_y": 1423.1754150390625,
        "w": 1920,
        "h": 1440
    },
    {
        "file_path": "/workspace/acezero/spatialai/trained_models/rgb_3f15a2025-02-13_10-03-54/benchmark_output/nerf_data/images_3/_workspace_acezero_spatialai_trained_models_rgb_3f15a2025-02-13_10-03-54_frames_frame_0005.jpg",
        "transform": [
            [
                0.1928510069847107,
                -0.43100014328956604,
                0.8815029263496399,
                0.9987101554870605
            ],
            [
                0.9812242388725281,
                0.08219105005264282,
                -0.17448121309280396,
                0.019668269902467728
            ],
            [
                0.0027497708797454834,
                0.8986009359359741,
                0.43875840306282043,
                -0.03273189440369606
            ]
        ],
        "fl_x": 1423.1754150390625,
        "fl_y": 1423.1754150390625,
        "w": 1920,
        "h": 1440
    },
    {
        "file_path": "/workspace/acezero/spatialai/trained_models/rgb_3f15a2025-02-13_10-03-54/benchmark_output/nerf_data/images_3/_workspace_acezero_spatialai_trained_models_rgb_3f15a2025-02-13_10-03-54_frames_frame_0006.jpg",
        "transform": [
            [
                0.19613632559776306,
                -0.4292919337749481,
                0.8816115856170654,
                0.999116063117981
            ],
            [
                0.9805657863616943,
                0.0816272497177124,
                -0.1784035712480545,
                0.02000647969543934
            ],
            [
                0.004623681306838989,
                0.8994694948196411,
                0.43695902824401855,
                -0.033307112753391266
            ]
        ],
        "fl_x": 1423.1754150390625,
        "fl_y": 1423.1754150390625,
        "w": 1920,
        "h": 1440
    },
    {
        "file_path": "/workspace/acezero/spatialai/trained_models/rgb_3f15a2025-02-13_10-03-54/benchmark_output/nerf_data/images_3/_workspace_acezero_spatialai_trained_models_rgb_3f15a2025-02-13_10-03-54_frames_frame_0007.jpg",
        "transform": [
            [
                0.19763270020484924,
                -0.4287671148777008,
                0.8815328478813171,
                0.9990032315254211
            ],
            [
                0.980255126953125,
                0.08054107427597046,
                -0.18059122562408447,
                0.01858796738088131
            ],
            [
                0.006431996822357178,
                0.899817705154419,
                0.4362186789512634,
                -0.03237002715468407
            ]
        ],
        "fl_x": 1423.1754150390625,
        "fl_y": 1423.1754150390625,
        "w": 1920,
        "h": 1440
    },
    {
        "file_path": "/workspace/acezero/spatialai/trained_models/rgb_3f15a2025-02-13_10-03-54/benchmark_output/nerf_data/images_3/_workspace_acezero_spatialai_trained_models_rgb_3f15a2025-02-13_10-03-54_frames_frame_0008.jpg",
        "transform": [
            [
                0.19143137335777283,
                -0.42940038442611694,
                0.8825923800468445,
                0.9981408715248108
            ],
            [
                0.9815019369125366,
                0.08115586638450623,
                -0.17340044677257538,
                0.021174143999814987
            ],
            [
                0.002830684185028076,
                0.8994604349136353,
                0.4369930624961853,
                -0.03334284946322441
            ]
        ],
        "fl_x": 1423.1754150390625,
        "fl_y": 1423.1754150390625,
        "w": 1920,
        "h": 1440
    },
    {
        "file_path": "/workspace/acezero/spatialai/trained_models/rgb_3f15a2025-02-13_10-03-54/benchmark_output/nerf_data/images_3/_workspace_acezero_spatialai_trained_models_rgb_3f15a2025-02-13_10-03-54_frames_frame_0009.jpg",
        "transform": [
            [
                0.18894045054912567,
                -0.42728328704833984,
                0.8841552138328552,
                0.9979791045188904
            ],
            [
                0.9819870591163635,
                0.08061060309410095,
                -0.1708902269601822,
                0.02097969502210617
            ],
            [
                0.0017462074756622314,
                0.9005170464515686,
                0.43481725454330444,
                -0.031614527106285095
            ]
        ],
        "fl_x": 1423.1754150390625,
        "fl_y": 1423.1754150390625,
        "w": 1920,
        "h": 1440
    },
    {
        "file_path": "/workspace/acezero/spatialai/trained_models/rgb_3f15a2025-02-13_10-03-54/benchmark_output/nerf_data/images_3/_workspace_acezero_spatialai_trained_models_rgb_3f15a2025-02-13_10-03-54_frames_frame_0010.jpg",
        "transform": [
            [
                0.1865490823984146,
                -0.4259621500968933,
                0.8852997422218323,
                0.9980357885360718
            ],
            [
                0.982445240020752,
                0.07999354600906372,
                -0.16853050887584686,
                0.021068211644887924
            ],
            [
                0.0009693503379821777,
                0.9011977314949036,
                0.43340715765953064,
                -0.032481033354997635
            ]
        ],
        "fl_x": 1423.1754150390625,
        "fl_y": 1423.1754150390625,
        "w": 1920,
        "h": 1440
    },
    {
        "file_path": "/workspace/acezero/spatialai/trained_models/rgb_3f15a2025-02-13_10-03-54/benchmark_output/nerf_data/images_3/_workspace_acezero_spatialai_trained_models_rgb_3f15a2025-02-13_10-03-54_frames_frame_0011.jpg",
        "transform": [
            [
                0.18604961037635803,
                -0.4256475865840912,
                0.8855561017990112,
                0.9970967769622803
            ],
            [
                0.9825388193130493,
                0.07898730039596558,
                -0.16845934092998505,
                0.021325407549738884
            ],
            [
                0.0017566084861755371,
                0.9014350771903992,
                0.4329107999801636,
                -0.03384445607662201
            ]
        ],
        "fl_x": 1423.1754150390625,
        "fl_y": 1423.1754150390625,
        "w": 1920,
        "h": 1440
    },
    {
        "file_path": "/workspace/acezero/spatialai/trained_models/rgb_3f15a2025-02-13_10-03-54/benchmark_output/nerf_data/images_3/_workspace_acezero_spatialai_trained_models_rgb_3f15a2025-02-13_10-03-54_frames_frame_0013.jpg",
        "transform": [
            [
                0.18519306182861328,
                -0.42802295088768005,
                0.8845901489257812,
                0.9965116381645203
            ],
            [
                0.9827022552490234,
                0.08057892322540283,
                -0.16674385964870453,
                0.020934974774718285
            ],
            [
                9.086728096008301e-05,
                0.9001685380935669,
                0.4355417788028717,
                -0.03420785441994667
            ]
        ],
        "fl_x": 1423.1754150390625,
        "fl_y": 1423.1754150390625,
        "w": 1920,
        "h": 1440
    },
    {
        "file_path": "/workspace/acezero/spatialai/trained_models/rgb_3f15a2025-02-13_10-03-54/benchmark_output/nerf_data/images_3/_workspace_acezero_spatialai_trained_models_rgb_3f15a2025-02-13_10-03-54_frames_frame_0014.jpg",
        "transform": [
            [
                0.18274569511413574,
                -0.42938461899757385,
                0.8844392895698547,
                0.9960955381393433
            ],
            [
                0.9831584692001343,
                0.08152356743812561,
                -0.16356465220451355,
                0.022298339754343033
            ],
            [
                -0.0018705427646636963,
                0.8994346857070923,
                0.4370512366294861,
                -0.0342915803194046
            ]
        ],
        "fl_x": 1423.1754150390625,
        "fl_y": 1423.1754150390625,
        "w": 1920,
        "h": 1440
    },
    {
        "file_path": "/workspace/acezero/spatialai/trained_models/rgb_3f15a2025-02-13_10-03-54/benchmark_output/nerf_data/images_3/_workspace_acezero_spatialai_trained_models_rgb_3f15a2025-02-13_10-03-54_frames_frame_0015.jpg",
        "transform": [
            [
                0.18336275219917297,
                -0.4318818151950836,
                0.8830946683883667,
                0.9953991174697876
            ],
            [
                0.9830371737480164,
                0.0842207670211792,
                -0.1629258692264557,
                0.024168970063328743
            ],
            [
                -0.0040101706981658936,
                0.8979893922805786,
                0.4399988651275635,
                -0.035554252564907074
            ]
        ],
        "fl_x": 1423.1754150390625,
        "fl_y": 1423.1754150390625,
        "w": 1920,
        "h": 1440
    },
    {
        "file_path": "/workspace/acezero/spatialai/trained_models/rgb_3f15a2025-02-13_10-03-54/benchmark_output/nerf_data/images_3/_workspace_acezero_spatialai_trained_models_rgb_3f15a2025-02-13_10-03-54_frames_frame_0016.jpg",
        "transform": [
            [
                0.18437102437019348,
                -0.4378124177455902,
                0.8799588680267334,
                0.9947400689125061
            ],
            [
                0.982835054397583,
                0.08807295560836792,
                -0.16210632026195526,
                0.024183696135878563
            ],
            [
                -0.006528407335281372,
                0.8947421908378601,
                0.44653552770614624,
                -0.036424119025468826
            ]
        ],
        "fl_x": 1423.1754150390625,
        "fl_y": 1423.1754150390625,
        "w": 1920,
        "h": 1440
    },
    {
        "file_path": "/workspace/acezero/spatialai/trained_models/rgb_3f15a2025-02-13_10-03-54/benchmark_output/nerf_data/images_3/_workspace_acezero_spatialai_trained_models_rgb_3f15a2025-02-13_10-03-54_frames_frame_0017.jpg",
        "transform": [
            [
                0.1865992397069931,
                -0.44206568598747253,
                0.8773589134216309,
                0.992820143699646
            ],
            [
                0.9824128150939941,
                0.09011602401733398,
                -0.16353657841682434,
                0.026176566258072853
            ],
            [
                -0.006770193576812744,
                0.8924444317817688,
                0.45110660791397095,
                -0.04109262675046921
            ]
        ],
        "fl_x": 1423.1754150390625,
        "fl_y": 1423.1754150390625,
        "w": 1920,
        "h": 1440
    },
    {
        "file_path": "/workspace/acezero/spatialai/trained_models/rgb_3f15a2025-02-13_10-03-54/benchmark_output/nerf_data/images_3/_workspace_acezero_spatialai_trained_models_rgb_3f15a2025-02-13_10-03-54_frames_frame_0018.jpg",
        "transform": [
            [
                0.18911127746105194,
                -0.4500378966331482,
                0.8727558255195618,
                0.9914984703063965
            ],
            [
                0.9819356799125671,
                0.09234724938869476,
                -0.16514965891838074,
                0.02777680940926075
            ],
            [
                -0.006273001432418823,
                0.888221800327301,
                0.4593721628189087,
                -0.04068896546959877
            ]
        ],
        "fl_x": 1423.1754150390625,
        "fl_y": 1423.1754150390625,
        "w": 1920,
        "h": 1440
    },
    {
        "file_path": "/workspace/acezero/spatialai/trained_models/rgb_3f15a2025-02-13_10-03-54/benchmark_output/nerf_data/images_3/_workspace_acezero_spatialai_trained_models_rgb_3f15a2025-02-13_10-03-54_frames_frame_0019.jpg",
        "transform": [
            [
                0.19381287693977356,
                -0.46107545495033264,
                0.8659365177154541,
                0.9902611374855042
            ],
            [
                0.9810349345207214,
                0.09349276125431061,
                -0.1697930544614792,
                0.029761984944343567
            ],
            [
                -0.002671360969543457,
                0.8824219703674316,
                0.4704512357711792,
                -0.042707450687885284
            ]
        ],
        "fl_x": 1423.1754150390625,
        "fl_y": 1423.1754150390625,
        "w": 1920,
        "h": 1440
    },
    {
        "file_path": "/workspace/acezero/spatialai/trained_models/rgb_3f15a2025-02-13_10-03-54/benchmark_output/nerf_data/images_3/_workspace_acezero_spatialai_trained_models_rgb_3f15a2025-02-13_10-03-54_frames_frame_0021.jpg",
        "transform": [
            [
                0.19202017784118652,
                -0.47587788105010986,
                0.8582939505577087,
                0.985399603843689
            ],
            [
                0.9813755750656128,
                0.0980236679315567,
                -0.16520754992961884,
                0.03514521196484566
            ],
            [
                -0.00551450252532959,
                0.8740319013595581,
                0.485837459564209,
                -0.04807857424020767
            ]
        ],
        "fl_x": 1423.1754150390625,
        "fl_y": 1423.1754150390625,
        "w": 1920,
        "h": 1440
    },
    {
        "file_path": "/workspace/acezero/spatialai/trained_models/rgb_3f15a2025-02-13_10-03-54/benchmark_output/nerf_data/images_3/_workspace_acezero_spatialai_trained_models_rgb_3f15a2025-02-13_10-03-54_frames_frame_0022.jpg",
        "transform": [
            [
                0.1921127289533615,
                -0.4826972484588623,
                0.8544566035270691,
                0.9858022332191467
            ],
            [
                0.9813583493232727,
                0.09923116862773895,
                -0.16458740830421448,
                0.036989837884902954
            ],
            [
                -0.005342811346054077,
                0.8701474666595459,
                0.4927625358104706,
                -0.05243438109755516
            ]
        ],
        "fl_x": 1423.1754150390625,
        "fl_y": 1423.1754150390625,
        "w": 1920,
        "h": 1440
    },
    {
        "file_path": "/workspace/acezero/spatialai/trained_models/rgb_3f15a2025-02-13_10-03-54/benchmark_output/nerf_data/images_3/_workspace_acezero_spatialai_trained_models_rgb_3f15a2025-02-13_10-03-54_frames_frame_0023.jpg",
        "transform": [
            [
                0.19404923915863037,
                -0.4876222610473633,
                0.8512164354324341,
                0.982991635799408
            ],
            [
                0.9809762239456177,
                0.10135453939437866,
                -0.16556888818740845,
                0.036471690982580185
            ],
            [
                -0.005539596080780029,
                0.8671515583992004,
                0.49801361560821533,
                -0.052441611886024475
            ]
        ],
        "fl_x": 1423.1754150390625,
        "fl_y": 1423.1754150390625,
        "w": 1920,
        "h": 1440
    },
    {
        "file_path": "/workspace/acezero/spatialai/trained_models/rgb_3f15a2025-02-13_10-03-54/benchmark_output/nerf_data/images_3/_workspace_acezero_spatialai_trained_models_rgb_3f15a2025-02-13_10-03-54_frames_frame_0024.jpg",
        "transform": [
            [
                0.19858959317207336,
                -0.49591392278671265,
                0.8453587889671326,
                0.9828718900680542
            ],
            [
                0.9800670146942139,
                0.10537642240524292,
                -0.1684177815914154,
                0.03586835786700249
            ],
            [
                -0.005560129880905151,
                0.8619542717933655,
                0.5069555640220642,
                -0.052365802228450775
            ]
        ],
        "fl_x": 1423.1754150390625,
        "fl_y": 1423.1754150390625,
        "w": 1920,
        "h": 1440
    },
    {
        "file_path": "/workspace/acezero/spatialai/trained_models/rgb_3f15a2025-02-13_10-03-54/benchmark_output/nerf_data/images_3/_workspace_acezero_spatialai_trained_models_rgb_3f15a2025-02-13_10-03-54_frames_frame_0025.jpg",
        "transform": [
            [
                0.20373302698135376,
                -0.4989238977432251,
                0.8423584699630737,
                0.9835172295570374
            ],
            [
                0.9790259599685669,
                0.10472258925437927,
                -0.17476090788841248,
                0.037364412099123
            ],
            [
                -0.0010215342044830322,
                0.8602954745292664,
                0.5097948908805847,
                -0.05428555607795715
            ]
        ],
        "fl_x": 1423.1754150390625,
        "fl_y": 1423.1754150390625,
        "w": 1920,
        "h": 1440
    },
    {
        "file_path": "/workspace/acezero/spatialai/trained_models/rgb_3f15a2025-02-13_10-03-54/benchmark_output/nerf_data/images_3/_workspace_acezero_spatialai_trained_models_rgb_3f15a2025-02-13_10-03-54_frames_frame_0026.jpg",
        "transform": [
            [
                0.21151447296142578,
                -0.502651035785675,
                0.8382145166397095,
                0.9820619821548462
            ],
            [
                0.9773699045181274,
                0.10601919889450073,
                -0.1830524355173111,
                0.0365256629884243
            ],
            [
                0.0031446516513824463,
                0.8579638600349426,
                0.5137006044387817,
                -0.05480518937110901
            ]
        ],
        "fl_x": 1423.1754150390625,
        "fl_y": 1423.1754150390625,
        "w": 1920,
        "h": 1440
    },
    {
        "file_path": "/workspace/acezero/spatialai/trained_models/rgb_3f15a2025-02-13_10-03-54/benchmark_output/nerf_data/images_3/_workspace_acezero_spatialai_trained_models_rgb_3f15a2025-02-13_10-03-54_frames_frame_0027.jpg",
        "transform": [
            [
                0.22067126631736755,
                -0.5034375190734863,
                0.8353770971298218,
                0.9837121367454529
            ],
            [
                0.9753292202949524,
                0.10854540765285492,
                -0.19222614169120789,
                0.03365734592080116
            ],
            [
                0.0060974955558776855,
                0.8571864366531372,
                0.5149701833724976,
                -0.05229762941598892
            ]
        ],
        "fl_x": 1423.1754150390625,
        "fl_y": 1423.1754150390625,
        "w": 1920,
        "h": 1440
    },
    {
        "file_path": "/workspace/acezero/spatialai/trained_models/rgb_3f15a2025-02-13_10-03-54/benchmark_output/nerf_data/images_3/_workspace_acezero_spatialai_trained_models_rgb_3f15a2025-02-13_10-03-54_frames_frame_0029.jpg",
        "transform": [
            [
                0.24370746314525604,
                -0.5006103515625,
                0.8306599259376526,
                0.9810877442359924
            ],
            [
                0.9698038101196289,
                0.11753782629966736,
                -0.21369490027427673,
                0.028537355363368988
            ],
            [
                0.009343862533569336,
                0.8576561808586121,
                0.5141386985778809,
                -0.05199367180466652
            ]
        ],
        "fl_x": 1423.1754150390625,
        "fl_y": 1423.1754150390625,
        "w": 1920,
        "h": 1440
    },
    {
        "file_path": "/workspace/acezero/spatialai/trained_models/rgb_3f15a2025-02-13_10-03-54/benchmark_output/nerf_data/images_3/_workspace_acezero_spatialai_trained_models_rgb_3f15a2025-02-13_10-03-54_frames_frame_0030.jpg",
        "transform": [
            [
                0.25633704662323,
                -0.4985533356666565,
                0.8280916810035706,
                0.9796199202537537
            ],
            [
                0.9665172696113586,
                0.121882364153862,
                -0.22580750286579132,
                0.026827499270439148
            ],
            [
                0.011647313833236694,
                0.8582478165626526,
                0.5131034255027771,
                -0.05193560943007469
            ]
        ],
        "fl_x": 1423.1754150390625,
        "fl_y": 1423.1754150390625,
        "w": 1920,
        "h": 1440
    },
    {
        "file_path": "/workspace/acezero/spatialai/trained_models/rgb_3f15a2025-02-13_10-03-54/benchmark_output/nerf_data/images_3/_workspace_acezero_spatialai_trained_models_rgb_3f15a2025-02-13_10-03-54_frames_frame_0031.jpg",
        "transform": [
            [
                0.2722608149051666,
                -0.49572303891181946,
                0.8247015476226807,
                0.977083683013916
            ],
            [
                0.9621222615242004,
                0.1278163343667984,
                -0.2407982051372528,
                0.02243877202272415
            ],
            [
                0.013958901166915894,
                0.8590236902236938,
                0.5117455720901489,
                -0.049960896372795105
            ]
        ],
        "fl_x": 1423.1754150390625,
        "fl_y": 1423.1754150390625,
        "w": 1920,
        "h": 1440
    },
    {
        "file_path": "/workspace/acezero/spatialai/trained_models/rgb_3f15a2025-02-13_10-03-54/benchmark_output/nerf_data/images_3/_workspace_acezero_spatialai_trained_models_rgb_3f15a2025-02-13_10-03-54_frames_frame_0032.jpg",
        "transform": [
            [
                0.28882473707199097,
                -0.4899531304836273,
                0.8225120902061462,
                0.9724791049957275
            ],
            [
                0.9573276042938232,
                0.13863860070705414,
                -0.2535810172557831,
                0.013872192241251469
            ],
            [
                0.010210871696472168,
                0.8606539368629456,
                0.5090879201889038,
                -0.04826541244983673
            ]
        ],
        "fl_x": 1423.1754150390625,
        "fl_y": 1423.1754150390625,
        "w": 1920,
        "h": 1440
    },
    {
        "file_path": "/workspace/acezero/spatialai/trained_models/rgb_3f15a2025-02-13_10-03-54/benchmark_output/nerf_data/images_3/_workspace_acezero_spatialai_trained_models_rgb_3f15a2025-02-13_10-03-54_frames_frame_0033.jpg",
        "transform": [
            [
                0.304206907749176,
                -0.48112329840660095,
                0.8221790790557861,
                0.9712546467781067
            ],
            [
                0.952561616897583,
                0.14529991149902344,
                -0.26742178201675415,
                0.0062531279399991035
            ],
            [
                0.009200304746627808,
                0.8645278215408325,
                0.5025008320808411,
                -0.04912947118282318
            ]
        ],
        "fl_x": 1423.1754150390625,
        "fl_y": 1423.1754150390625,
        "w": 1920,
        "h": 1440
    },
    {
        "file_path": "/workspace/acezero/spatialai/trained_models/rgb_3f15a2025-02-13_10-03-54/benchmark_output/nerf_data/images_3/_workspace_acezero_spatialai_trained_models_rgb_3f15a2025-02-13_10-03-54_frames_frame_0034.jpg",
        "transform": [
            [
                0.3174564838409424,
                -0.4718717038631439,
                0.8225317001342773,
                0.9676371216773987
            ],
            [
                0.9482601881027222,
                0.15347976982593536,
                -0.2779328227043152,
                -0.0001624973665457219
            ],
            [
                0.004906654357910156,
                0.8682056665420532,
                0.49618032574653625,
                -0.05078069865703583
            ]
        ],
        "fl_x": 1423.1754150390625,
        "fl_y": 1423.1754150390625,
        "w": 1920,
        "h": 1440
    },
    {
        "file_path": "/workspace/acezero/spatialai/trained_models/rgb_3f15a2025-02-13_10-03-54/benchmark_output/nerf_data/images_3/_workspace_acezero_spatialai_trained_models_rgb_3f15a2025-02-13_10-03-54_frames_frame_0035.jpg",
        "transform": [
            [
                0.337728351354599,
                -0.4596112072467804,
                0.8213993906974792,
                0.9616175293922424
            ],
            [
                0.9412417411804199,
                0.16669544577598572,
                -0.2937290668487549,
                -0.013316619209945202
            ],
            [
                -0.0019223690032958984,
                0.8723360300064087,
                0.4889030456542969,
                -0.05174770578742027
            ]
        ],
        "fl_x": 1423.1754150390625,
        "fl_y": 1423.1754150390625,
        "w": 1920,
        "h": 1440
    },
    {
        "file_path": "/workspace/acezero/spatialai/trained_models/rgb_3f15a2025-02-13_10-03-54/benchmark_output/nerf_data/images_3/_workspace_acezero_spatialai_trained_models_rgb_3f15a2025-02-13_10-03-54_frames_frame_0037.jpg",
        "transform": [
            [
                0.381929486989975,
                -0.4515502154827118,
                0.8063697814941406,
                0.9504314064979553
            ],
            [
                0.9241299033164978,
                0.19666755199432373,
                -0.3275757431983948,
                -0.035717327147722244
            ],
            [
                -0.010669916868209839,
                0.8703012466430664,
                0.49240419268608093,
                -0.05614593252539635
            ]
        ],
        "fl_x": 1423.1754150390625,
        "fl_y": 1423.1754150390625,
        "w": 1920,
        "h": 1440
    },
    {
        "file_path": "/workspace/acezero/spatialai/trained_models/rgb_3f15a2025-02-13_10-03-54/benchmark_output/nerf_data/images_3/_workspace_acezero_spatialai_trained_models_rgb_3f15a2025-02-13_10-03-54_frames_frame_0038.jpg",
        "transform": [
            [
                0.39578279852867126,
                -0.4441501200199127,
                0.8037950992584229,
                0.9446859955787659
            ],
            [
                0.9181949496269226,
                0.20716454088687897,
                -0.33764028549194336,
                -0.04720203951001167
            ],
            [
                -0.01655489206314087,
                0.8716728091239929,
                0.4898086190223694,
                -0.05855126306414604
            ]
        ],
        "fl_x": 1423.1754150390625,
        "fl_y": 1423.1754150390625,
        "w": 1920,
        "h": 1440
    },
    {
        "file_path": "/workspace/acezero/spatialai/trained_models/rgb_3f15a2025-02-13_10-03-54/benchmark_output/nerf_data/images_3/_workspace_acezero_spatialai_trained_models_rgb_3f15a2025-02-13_10-03-54_frames_frame_0039.jpg",
        "transform": [
            [
                0.40927836298942566,
                -0.4358164966106415,
                0.8015954494476318,
                0.9414910674095154
            ],
            [
                0.9121184945106506,
                0.21762330830097198,
                -0.347390353679657,
                -0.05560657009482384
            ],
            [
                -0.023047417402267456,
                0.8733292818069458,
                0.4865848422050476,
                -0.05956424027681351
            ]
        ],
        "fl_x": 1423.1754150390625,
        "fl_y": 1423.1754150390625,
        "w": 1920,
        "h": 1440
    },
    {
        "file_path": "/workspace/acezero/spatialai/trained_models/rgb_3f15a2025-02-13_10-03-54/benchmark_output/nerf_data/images_3/_workspace_acezero_spatialai_trained_models_rgb_3f15a2025-02-13_10-03-54_frames_frame_0040.jpg",
        "transform": [
            [
                0.4307973086833954,
                -0.42469146847724915,
                0.7962730526924133,
                0.9330682158470154
            ],
            [
                0.9019388556480408,
                0.23227627575397491,
                -0.36407995223999023,
                -0.07044775038957596
            ],
            [
                -0.030333727598190308,
                0.8750342726707458,
                0.483109712600708,
                -0.058976538479328156
            ]
        ],
        "fl_x": 1423.1754150390625,
        "fl_y": 1423.1754150390625,
        "w": 1920,
        "h": 1440
    },
    {
        "file_path": "/workspace/acezero/spatialai/trained_models/rgb_3f15a2025-02-13_10-03-54/benchmark_output/nerf_data/images_3/_workspace_acezero_spatialai_trained_models_rgb_3f15a2025-02-13_10-03-54_frames_frame_0041.jpg",
        "transform": [
            [
                0.44264551997184753,
                -0.41964754462242126,
                0.7924398183822632,
                0.9287517070770264
            ],
            [
                0.8960053324699402,
                0.2416916787624359,
                -0.3725045621395111,
                -0.07751426845788956
            ],
            [
                -0.03520548343658447,
                0.87491774559021,
                0.48299020528793335,
                -0.06089351698756218
            ]
        ],
        "fl_x": 1423.1754150390625,
        "fl_y": 1423.1754150390625,
        "w": 1920,
        "h": 1440
    },
    {
        "file_path": "/workspace/acezero/spatialai/trained_models/rgb_3f15a2025-02-13_10-03-54/benchmark_output/nerf_data/images_3/_workspace_acezero_spatialai_trained_models_rgb_3f15a2025-02-13_10-03-54_frames_frame_0042.jpg",
        "transform": [
            [
                0.46708106994628906,
                -0.4147377014160156,
                0.7809147834777832,
                0.9210138320922852
            ],
            [
                0.8835057616233826,
                0.25426214933395386,
                -0.3934061527252197,
                -0.0884096622467041
            ],
            [
                -0.0353967547416687,
                0.8736953139305115,
                0.4851842522621155,
                -0.06133020669221878
            ]
        ],
        "fl_x": 1423.1754150390625,
        "fl_y": 1423.1754150390625,
        "w": 1920,
        "h": 1440
    },
    {
        "file_path": "/workspace/acezero/spatialai/trained_models/rgb_3f15a2025-02-13_10-03-54/benchmark_output/nerf_data/images_3/_workspace_acezero_spatialai_trained_models_rgb_3f15a2025-02-13_10-03-54_frames_frame_0043.jpg",
        "transform": [
            [
                0.48201510310173035,
                -0.4120929539203644,
                0.7732016444206238,
                0.9165320992469788
            ],
            [
                0.8755713105201721,
                0.2589820623397827,
                -0.407802939414978,
                -0.09330929070711136
            ],
            [
                -0.03219267725944519,
                0.8735604286193848,
                0.48565003275871277,
                -0.06627146154642105
            ]
        ],
        "fl_x": 1423.1754150390625,
        "fl_y": 1423.1754150390625,
        "w": 1920,
        "h": 1440
    },
    {
        "file_path": "/workspace/acezero/spatialai/trained_models/rgb_3f15a2025-02-13_10-03-54/benchmark_output/nerf_data/images_3/_workspace_acezero_spatialai_trained_models_rgb_3f15a2025-02-13_10-03-54_frames_frame_0045.jpg",
        "transform": [
            [
                0.5011921525001526,
                -0.4102812707424164,
                0.7618895769119263,
                0.9021552801132202
            ],
            [
                0.8651040196418762,
                0.25795310735702515,
                -0.43018051981925964,
                -0.10203902423381805
            ],
            [
                -0.020036816596984863,
                0.8747168183326721,
                0.48422008752822876,
                -0.0680091604590416
            ]
        ],
        "fl_x": 1423.1754150390625,
        "fl_y": 1423.1754150390625,
        "w": 1920,
        "h": 1440
    },
    {
        "file_path": "/workspace/acezero/spatialai/trained_models/rgb_3f15a2025-02-13_10-03-54/benchmark_output/nerf_data/images_3/_workspace_acezero_spatialai_trained_models_rgb_3f15a2025-02-13_10-03-54_frames_frame_0046.jpg",
        "transform": [
            [
                0.5044202208518982,
                -0.40880072116851807,
                0.7605538368225098,
                0.8951315879821777
            ],
            [
                0.8632407188415527,
                0.2585286796092987,
                -0.43356481194496155,
                -0.10365847498178482
            ],
            [
                -0.01938343048095703,
                0.875239908695221,
                0.4833005666732788,
                -0.06611772626638412
            ]
        ],
        "fl_x": 1423.1754150390625,
        "fl_y": 1423.1754150390625,
        "w": 1920,
        "h": 1440
    },
    {
        "file_path": "/workspace/acezero/spatialai/trained_models/rgb_3f15a2025-02-13_10-03-54/benchmark_output/nerf_data/images_3/_workspace_acezero_spatialai_trained_models_rgb_3f15a2025-02-13_10-03-54_frames_frame_0047.jpg",
        "transform": [
            [
                0.5089897513389587,
                -0.40012121200561523,
                0.7621235847473145,
                0.8884387016296387
            ],
            [
                0.8605682849884033,
                0.2558310925960541,
                -0.44042330980300903,
                -0.10976803302764893
            ],
            [
                -0.018752217292785645,
                0.8800303936004639,
                0.47454702854156494,
                -0.06598709523677826
            ]
        ],
        "fl_x": 1423.1754150390625,
        "fl_y": 1423.1754150390625,
        "w": 1920,
        "h": 1440
    },
    {
        "file_path": "/workspace/acezero/spatialai/trained_models/rgb_3f15a2025-02-13_10-03-54/benchmark_output/nerf_data/images_3/_workspace_acezero_spatialai_trained_models_rgb_3f15a2025-02-13_10-03-54_frames_frame_0048.jpg",
        "transform": [
            [
                0.5158591270446777,
                -0.39248430728912354,
                0.7614758014678955,
                0.8804199695587158
            ],
            [
                0.8564936518669128,
                0.2545011639595032,
                -0.4490521550178528,
                -0.10963647812604904
            ],
            [
                -0.017550557851791382,
                0.8838468790054321,
                0.46744710206985474,
                -0.06635522842407227
            ]
        ],
        "fl_x": 1423.1754150390625,
        "fl_y": 1423.1754150390625,
        "w": 1920,
        "h": 1440
    },
    {
        "file_path": "/workspace/acezero/spatialai/trained_models/rgb_3f15a2025-02-13_10-03-54/benchmark_output/nerf_data/images_3/_workspace_acezero_spatialai_trained_models_rgb_3f15a2025-02-13_10-03-54_frames_frame_0049.jpg",
        "transform": [
            [
                0.5182139873504639,
                -0.38833680748939514,
                0.7620030641555786,
                0.8729134798049927
            ],
            [
                0.8551127314567566,
                0.25128358602523804,
                -0.4534741938114166,
                -0.10813336074352264
            ],
            [
                -0.01537814736366272,
                0.8865952491760254,
                0.4622904062271118,
                -0.06304946541786194
            ]
        ],
        "fl_x": 1423.1754150390625,
        "fl_y": 1423.1754150390625,
        "w": 1920,
